#  Beaglehole Instruments Ltd. Ellipsometry Data File.
#  Measurement data is in columns, column format is:
#    1) ellipsometry x value.
#    2) ellipsometry y value.
#    3) estimated x value from fit model.
#    4) estimated y value from fit model.
#    5) wavelength (in nm).
#    6) angle-of-incidence (in degrees).
#    7) time since the start of the measurement (in seconds).
#
#  Experiment start time :  Friday, December 2, 2022, 16:30:27
#  User name             :  
#  Notes                 :  
#  Scan Type             : Angle

       0.311405       0.787525       0.000000       0.000000        632.800         65.000            0.000000
       0.274866       0.802056       0.000000       0.000000        632.800         65.500            0.000000
       0.237213       0.816711       0.000000       0.000000        632.800         66.000            0.000000
       0.199550       0.829991       0.000000       0.000000        632.800         66.500            0.000000
       0.161443       0.841277       0.000000       0.000000        632.800         67.000            0.000000
       0.122142       0.851429       0.000000       0.000000        632.800         67.500            0.000000
       0.082717       0.860509       0.000000       0.000000        632.800         68.000            0.000000
       0.043694       0.868037       0.000000       0.000000        632.800         68.500            0.000000
       0.003598       0.873637       0.000000       0.000000        632.800         69.000            0.000000
      -0.036833       0.877986       0.000000       0.000000        632.800         69.500            0.000000
      -0.076415       0.880685       0.000000       0.000000        632.800         70.000            0.000000
      -0.116018       0.881761       0.000000       0.000000        632.800         70.500            0.000000
      -0.156271       0.881451       0.000000       0.000000        632.800         71.000            0.000000
      -0.196188       0.879406       0.000000       0.000000        632.800         71.500            0.000000
      -0.235140       0.875514       0.000000       0.000000        632.800         72.000            0.000000
      -0.273825       0.870652       0.000000       0.000000        632.800         72.500            0.000000
      -0.312290       0.864102       0.000000       0.000000        632.800         73.000            0.000000
      -0.350172       0.855429       0.000000       0.000000        632.800         73.500            0.000000
      -0.387246       0.845458       0.000000       0.000000        632.800         74.000            0.000000
      -0.423440       0.834482       0.000000       0.000000        632.800         74.500            0.000000
      -0.459046       0.821837       0.000000       0.000000        632.800         75.000            0.000000
      -0.494541       0.806900       0.000000       0.000000        632.800         75.500            0.000000
      -0.528389       0.791239       0.000000       0.000000        632.800         76.000            0.000000
      -0.560605       0.774801       0.000000       0.000000        632.800         76.500            0.000000
      -0.593386       0.755981       0.000000       0.000000        632.800         77.000            0.000000
      -0.624780       0.736018       0.000000       0.000000        632.800         77.500            0.000000
      -0.654139       0.715842       0.000000       0.000000        632.800         78.000            0.000000
      -0.682440       0.694183       0.000000       0.000000        632.800         78.500            0.000000
      -0.710999       0.670682       0.000000       0.000000        632.800         79.000            0.000000
      -0.737871       0.646502       0.000000       0.000000        632.800         79.500            0.000000
      -0.761816       0.622366       0.000000       0.000000        632.800         80.000            0.000000
